ID: 388 Dane: 34 64 0F DC 00 00 14 40 
ID: 388 Dane: 34 64 10 18 00 00 14 00 
ID: 388 Dane: 34 64 10 72 00 00 14 40 
ID: 388 Dane: 34 64 0F FA 00 00 14 00 
ID: 388 Dane: 34 64 10 36 00 00 14 40 
ID: 388 Dane: 34 64 10 90 00 00 14 00 
ID: 388 Dane: 34 64 10 0E 00 00 14 40 
ID: 388 Dane: 34 64 10 36 00 00 14 00 
ID: 388 Dane: 34 64 10 9A 00 00 14 40 
ID: 388 Dane: 34 64 10 18 00 00 14 00 
ID: 388 Dane: 34 64 10 40 00 00 14 40 
ID: 388 Dane: 34 64 10 AE 00 00 14 00 
ID: 288 Dane: 00 00 00 00 00 14 00 00 
ID: 388 Dane: 34 64 10 2C 00 00 14 40 
ID: 388 Dane: 34 64 10 5E 00 00 14 00 
ID: 388 Dane: 34 64 10 CC 00 00 14 40 
ID: 388 Dane: 34 64 10 4A 00 00 14 00 
ID: 388 Dane: 34 64 10 72 00 00 14 40 
ID: 388 Dane: 34 64 10 D6 00 00 14 00 
ID: 388 Dane: 34 64 10 5E 00 00 14 40 
ID: 388 Dane: 34 64 10 72 00 00 14 00 
ID: 388 Dane: 34 64 10 D6 00 00 14 40 
ID: 388 Dane: 34 64 10 72 00 00 14 00 
ID: 388 Dane: 34 64 10 86 00 00 14 40 
ID: 388 Dane: 34 64 10 CC 00 00 14 00 
ID: 388 Dane: 34 64 10 90 00 00 14 40 
ID: 388 Dane: 34 64 10 AE 00 00 14 00 
ID: 289 Dane: 00 00 00 00 00 14 00 00 
ID: 388 Dane: 34 64 10 C2 00 00 14 40 
ID: 388 Dane: 34 64 10 A4 00 00 14 00 
ID: 388 Dane: 34 64 10 CC 00 00 14 40 
ID: 388 Dane: 34 64 10 AE 00 00 14 00 
ID: 388 Dane: 34 64 10 C2 00 00 14 40 
ID: 388 Dane: 34 64 10 CC 00 00 14 00 
ID: 388 Dane: 34 64 10 CC 00 00 14 40 
ID: 388 Dane: 34 64 10 C2 00 00 14 00 
ID: 388 Dane: 34 64 10 D6 00 00 14 40 
ID: 388 Dane: 34 64 11 08 00 00 14 00 
ID: 388 Dane: 34 64 10 CC 00 00 15 40 
ID: 388 Dane: 34 64 10 FE 00 00 14 00 
ID: 388 Dane: 34 64 11 26 00 00 14 40 
ID: 388 Dane: 34 64 10 D6 00 00 14 00 
ID: 388 Dane: 34 64 11 26 00 00 14 40 
ID: 388 Dane: 34 64 11 26 00 00 15 00 
ID: 388 Dane: 34 64 10 F4 00 00 14 40 
ID: 388 Dane: 34 64 11 62 00 00 15 00 
ID: 388 Dane: 34 64 10 EA 00 00 14 40 
ID: 388 Dane: 34 64 11 12 00 00 14 00 
ID: 388 Dane: 34 64 11 76 00 00 15 40 
ID: 388 Dane: 34 64 11 12 00 00 14 00 
ID: 388 Dane: 34 64 11 30 00 00 14 40 
ID: 388 Dane: 34 64 11 4E 00 00 14 00 
ID: 388 Dane: 34 64 11 44 00 00 15 40 
ID: 388 Dane: 34 64 11 44 00 00 14 00 
ID: 388 Dane: 34 64 11 4E 00 00 14 40 
ID: 388 Dane: 34 64 11 3A 00 00 14 00 
ID: 388 Dane: 34 64 11 58 00 00 15 40 
ID: 388 Dane: 34 64 11 94 00 00 14 00 
ID: 388 Dane: 34 64 11 3A 00 00 14 40 
ID: 388 Dane: 34 64 11 94 00 00 14 00 
ID: 388 Dane: 34 64 11 6C 00 00 14 40 
ID: 388 Dane: 34 64 11 6C 00 00 14 00 
ID: 388 Dane: 34 64 11 D0 00 00 14 40 
ID: 388 Dane: 34 64 11 58 00 00 14 00 
ID: 388 Dane: 34 64 11 76 00 00 14 40 
ID: 388 Dane: 34 64 11 9E 00 00 15 00 
ID: 388 Dane: 34 64 11 9E 00 00 15 40 
ID: 388 Dane: 34 64 11 94 00 00 14 00 
ID: 388 Dane: 34 64 11 BC 00 00 14 40 
ID: 388 Dane: 34 64 11 8A 00 00 14 00 
ID: 388 Dane: 34 64 11 C6 00 00 14 40 
ID: 388 Dane: 34 64 11 D0 00 00 15 00 
ID: 388 Dane: 34 64 11 94 00 00 14 40 
ID: 388 Dane: 34 64 12 0C 00 00 14 00 
ID: 388 Dane: 34 64 11 80 00 00 15 40 
ID: 388 Dane: 34 64 11 9E 00 00 14 00 
ID: 388 Dane: 34 64 11 DA 00 00 15 40 
ID: 388 Dane: 34 64 11 C6 00 00 15 00 
ID: 288 Dane: 00 00 00 00 00 14 00 00 
ID: 388 Dane: 34 64 11 C6 00 00 14 40 
ID: 388 Dane: 34 64 11 EE 00 00 14 00 
ID: 388 Dane: 34 64 11 BC 00 00 15 40 
ID: 388 Dane: 34 64 11 F8 00 00 14 00 
ID: 388 Dane: 34 64 12 02 00 00 15 40 
ID: 388 Dane: 34 64 11 D0 00 00 14 00 
ID: 388 Dane: 34 64 12 3E 00 00 15 40 
ID: 388 Dane: 34 64 11 D0 00 00 14 00 
ID: 388 Dane: 34 64 12 02 00 00 14 40 
ID: 388 Dane: 34 64 11 EE 00 00 14 00 
ID: 388 Dane: 34 64 11 EE 00 00 14 40 
ID: 388 Dane: 34 64 11 F8 00 00 15 00 
ID: 388 Dane: 34 64 12 3E 00 00 14 40 
ID: 388 Dane: 34 64 11 E4 00 00 14 00 
ID: 289 Dane: 00 00 00 00 00 14 00 00 
ID: 388 Dane: 34 64 12 52 00 00 14 40 
ID: 388 Dane: 34 64 11 DA 00 00 14 00 
ID: 388 Dane: 34 64 11 F8 00 00 14 40 
ID: 388 Dane: 34 64 12 34 00 00 14 00 
ID: 388 Dane: 34 64 12 20 00 00 15 40 
ID: 388 Dane: 34 64 12 16 00 00 14 00 
ID: 388 Dane: 34 64 12 5C 00 00 15 40 
ID: 388 Dane: 34 64 12 0C 00 00 14 00 
ID: 388 Dane: 34 64 12 66 00 00 15 40 
ID: 388 Dane: 34 64 12 0C 00 00 14 00 
ID: 388 Dane: 34 64 12 20 00 00 15 40 
ID: 388 Dane: 34 64 12 66 00 00 15 00 
ID: 388 Dane: 34 64 12 3E 00 00 15 40 
ID: 388 Dane: 34 64 12 34 00 00 14 00 
ID: 388 Dane: 34 64 12 66 00 00 14 40 
ID: 388 Dane: 34 64 12 2A 00 00 14 00 
ID: 388 Dane: 34 64 12 84 00 00 15 40 
ID: 388 Dane: 34 64 12 2A 00 00 14 00 
ID: 388 Dane: 34 64 12 3E 00 00 14 40 
ID: 388 Dane: 34 64 12 8E 00 00 14 00 
ID: 388 Dane: 34 64 12 66 00 00 15 40 
ID: 388 Dane: 34 64 12 5C 00 00 14 00 
ID: 388 Dane: 34 64 12 A2 00 00 15 40 
ID: 388 Dane: 34 64 12 52 00 00 14 00 
ID: 388 Dane: 34 64 12 AC 00 00 14 40 
ID: 388 Dane: 34 64 12 3E 00 00 14 00 
ID: 388 Dane: 34 64 12 5C 00 00 15 40 
ID: 388 Dane: 34 64 12 84 00 00 14 00 
ID: 388 Dane: 34 64 12 7A 00 00 15 40 
ID: 388 Dane: 34 64 12 7A 00 00 15 00 
ID: 388 Dane: 34 64 12 C0 00 00 15 40 
ID: 388 Dane: 34 64 12 70 00 00 15 00 
ID: 388 Dane: 34 64 12 E8 00 00 14 40 
ID: 388 Dane: 34 64 12 70 00 00 14 00 
ID: 388 Dane: 34 64 12 B6 00 00 15 40 
ID: 388 Dane: 34 64 12 A2 00 00 14 00 
ID: 388 Dane: 34 64 12 8E 00 00 15 40 
ID: 388 Dane: 34 64 12 D4 00 00 15 00 
ID: 388 Dane: 34 64 12 AC 00 00 14 40 
ID: 388 Dane: 34 64 12 98 00 00 14 00 
ID: 388 Dane: 34 64 12 DE 00 00 14 40 
ID: 388 Dane: 34 64 12 CA 00 00 14 00 
ID: 388 Dane: 34 64 12 A2 00 00 14 40 
ID: 388 Dane: 34 64 12 FC 00 00 14 00 
ID: 388 Dane: 34 64 12 A2 00 00 14 40 
ID: 388 Dane: 34 64 13 10 00 00 14 00 
ID: 388 Dane: 34 64 12 A2 00 00 15 40 
ID: 388 Dane: 34 64 12 D4 00 00 15 00 
ID: 388 Dane: 34 64 12 CA 00 00 14 40 
ID: 388 Dane: 34 64 12 CA 00 00 15 00 
ID: 288 Dane: 00 00 00 00 00 14 00 00 
ID: 388 Dane: 34 64 12 FC 00 00 14 40 
ID: 388 Dane: 34 64 12 D4 00 00 15 00 
ID: 388 Dane: 34 64 12 CA 00 00 15 40 
ID: 388 Dane: 34 64 12 FC 00 00 14 00 
ID: 388 Dane: 34 64 12 FC 00 00 14 40 
ID: 388 Dane: 34 64 12 E8 00 00 15 00 
ID: 388 Dane: 34 64 13 38 00 00 15 40 
ID: 388 Dane: 34 64 12 F2 00 00 14 00 
ID: 388 Dane: 34 64 13 42 00 00 15 40 
ID: 388 Dane: 34 64 13 10 00 00 15 00 
ID: 388 Dane: 34 64 12 FC 00 00 15 40 
ID: 388 Dane: 34 64 13 42 00 00 15 00 
ID: 388 Dane: 34 64 12 F2 00 00 15 40 
ID: 388 Dane: 34 64 13 56 00 00 14 00 
ID: 289 Dane: 00 00 00 00 00 15 00 00 
ID: 388 Dane: 34 64 12 FC 00 00 14 40 
ID: 388 Dane: 34 64 13 2E 00 00 15 00 
ID: 388 Dane: 34 64 13 2E 00 00 14 40 
ID: 388 Dane: 34 64 13 10 00 00 15 00 
ID: 388 Dane: 34 64 13 56 00 00 15 40 
ID: 388 Dane: 34 64 12 FC 00 00 15 00 
ID: 388 Dane: 34 64 13 2E 00 00 14 40 
ID: 388 Dane: 34 64 13 24 00 00 15 00 
ID: 388 Dane: 34 64 13 2E 00 00 15 40 
ID: 388 Dane: 34 64 13 60 00 00 14 00 
ID: 388 Dane: 34 64 13 24 00 00 15 40 
ID: 388 Dane: 34 64 13 2E 00 00 15 00 
ID: 388 Dane: 34 64 13 42 00 00 15 40 
ID: 388 Dane: 34 64 13 4C 00 00 14 00 
ID: 388 Dane: 34 64 13 6A 00 00 14 40 
ID: 388 Dane: 34 64 13 4C 00 00 15 00 
ID: 388 Dane: 34 64 13 38 00 00 15 40 
ID: 388 Dane: 34 64 13 4C 00 00 15 00 
ID: 388 Dane: 34 64 13 4C 00 00 15 40 
ID: 388 Dane: 34 64 13 60 00 00 15 00 
ID: 388 Dane: 34 64 13 74 00 00 15 40 
ID: 388 Dane: 34 64 13 4C 00 00 15 00 
ID: 388 Dane: 34 64 13 74 00 00 15 40 
ID: 388 Dane: 34 64 13 6A 00 00 14 00 
ID: 388 Dane: 34 64 13 6A 00 00 14 40 
ID: 388 Dane: 34 64 13 92 00 00 15 00 
ID: 388 Dane: 34 64 13 56 00 00 15 40 
ID: 388 Dane: 34 64 13 88 00 00 15 00 
ID: 388 Dane: 34 64 13 74 00 00 14 40 
ID: 388 Dane: 34 64 13 6A 00 00 15 00 
ID: 388 Dane: 34 64 13 9C 00 00 15 40 
ID: 388 Dane: 34 64 13 60 00 00 15 00 
ID: 388 Dane: 34 64 13 92 00 00 14 40 
ID: 388 Dane: 34 64 13 7E 00 00 15 00 
ID: 388 Dane: 34 64 13 6A 00 00 15 40 
ID: 388 Dane: 34 64 13 A6 00 00 14 00 
ID: 388 Dane: 34 64 13 60 00 00 14 40 
ID: 388 Dane: 34 64 13 92 00 00 14 00 
ID: 388 Dane: 34 64 13 7E 00 00 15 40 
ID: 388 Dane: 34 64 13 6A 00 00 15 00 
ID: 388 Dane: 34 64 13 B0 00 00 15 40 
ID: 388 Dane: 34 64 13 6A 00 00 15 00 
ID: 388 Dane: 34 64 13 A6 00 00 15 40 
ID: 388 Dane: 34 64 13 92 00 00 15 00 
ID: 388 Dane: 34 64 13 74 00 00 15 40 
ID: 388 Dane: 34 64 13 BA 00 00 15 00 
ID: 388 Dane: 34 64 13 7E 00 00 14 40 
ID: 388 Dane: 34 64 13 BA 00 00 14 00 
ID: 388 Dane: 34 64 13 A6 00 00 15 40 
ID: 388 Dane: 34 64 13 92 00 00 15 00 
ID: 288 Dane: 00 00 00 00 00 15 00 00 
ID: 388 Dane: 34 64 13 CE 00 00 15 40 
ID: 388 Dane: 34 64 13 88 00 00 15 00 
ID: 388 Dane: 34 64 13 BA 00 00 15 40 
ID: 388 Dane: 34 64 13 B0 00 00 15 00 
ID: 388 Dane: 34 64 13 BA 00 00 14 40 
ID: 388 Dane: 34 64 13 CE 00 00 15 00 
ID: 388 Dane: 34 64 13 9C 00 00 15 40 
ID: 388 Dane: 34 64 13 C4 00 00 14 00 
ID: 388 Dane: 34 64 13 C4 00 00 15 40 
ID: 388 Dane: 34 64 13 EC 00 00 14 00 
ID: 388 Dane: 34 64 13 B0 00 00 14 40 
ID: 388 Dane: 34 64 13 C4 00 00 15 00 
ID: 388 Dane: 34 64 13 CE 00 00 15 40 
ID: 388 Dane: 34 64 13 CE 00 00 15 00 
ID: 289 Dane: 00 00 00 00 00 15 00 00 
ID: 388 Dane: 34 64 14 00 00 00 15 40 
ID: 388 Dane: 34 64 13 A6 00 00 15 00 
ID: 388 Dane: 34 64 13 EC 00 00 15 40 
ID: 388 Dane: 34 64 13 F6 00 00 15 00 
ID: 388 Dane: 34 64 13 CE 00 00 14 40 
ID: 388 Dane: 34 64 14 32 00 00 15 00 
ID: 388 Dane: 34 64 13 E2 00 00 15 40 
ID: 388 Dane: 34 64 13 E2 00 00 14 00 
ID: 388 Dane: 34 64 14 28 00 00 15 40 
ID: 388 Dane: 34 64 13 D8 00 00 15 00 
ID: 388 Dane: 34 64 14 3C 00 00 15 40 
ID: 388 Dane: 34 64 14 14 00 00 15 00 
ID: 388 Dane: 34 64 13 F6 00 00 15 40 

